0.558811839068
0.594796228909
0.650668832578
0.374207452005
0.565258704834
0.547173370219
0.354531693237
0.632887366719
0.694762423697
0.553038783587
0.595757212541
0.625636863135
0.671191747461
0.604366814951
0.609993124523
0.653908578977
0.405092249389
0.560758613542
0.668793407409
0.351911142493
0.284887672736
0.592774696492
0.588023294425
0.366593931498
0.642912548142
0.361639054808
0.572189793111
0.369682813735
0.593712959733
0.615880025487
0.531797869799
0.341456696265
0.605124668904
0.574107774945
0.343897977795
0.522224675866
0.393881448727
0.523090408509
0.583546814696
0.394911633112
0.595205220778
0.572289497587
0.62453369972
0.632270706096
0.511282802262
0.730703168739
0.559194154251
0.591046935681
0.587213808065
0.34858012214
0.737001451959
0.593189064849
0.556398641688
0.581982738601
0.360519210971
0.600179530503
0.631105057888
0.570474441516
0.466684116297
0.585953319595
0.370375543282
0.379325764158
0.465036489623
0.544325198337
0.365871859323
0.567687298035
0.302049122998
0.635743860655
0.631467358445
0.39314682186
0.418729763916
0.555530436321
0.383360554105
0.378792191854
0.522528707662
0.664200763767
0.604367052369
0.635146985175
0.682711021983
0.501984878328
0.561195797802
0.657752575739
0.600417110968
0.573386686965
0.674748070325
0.582187147051
0.589751124495
0.344411917839
0.612233534155
0.611597606767
0.419866826892
0.287581471687
0.374135158054
0.510947724335
0.484385262232
0.297127097114
0.610218438491
0.647511506441
0.694068823073
0.624384107516
0.625069660107
0.544261950752
0.571014905391
0.525156514759
0.371690806089
0.394480877997
0.572833542254
0.610845208495
0.598626237789
0.663515230305
0.307027799396
0.654132172887
0.600295902659
0.636784991783
1.8791280038
0.587558388835
0.761516113091
0.35607593664
0.790730537915
0.617782035477
0.653869819658
0.363442126948
0.561581846674
0.554425150437
0.64960069922
0.368816819673
0.710074662149
0.619743755665
0.553057220954
0.654287250907
0.381458735818
0.624421301948
0.640975965388
0.576320584734
0.626843649034
0.230843853886
0.674946523649
0.651112793109
0.693929914689
0.369414368399
0.324721468861
0.562159218028
0.610134168687
0.542627906907
0.632099164981
0.613430448698
0.576908623143
0.32900058643
0.538683268368
0.743198260666
0.527910930699
0.30825828698
0.571687300767
0.594586569926
0.577997088883
0.382948647758
0.581808947347
0.619661572947
0.296145149077
0.572350647946
0.560454372017
0.381037585311
0.604025891763
0.55834428051
0.490267506081
0.542627906907
0.629925255652
0.365112176262
0.533120446255
0.544259231456
0.562148331247
0.612434865255
0.610732647893
0.519704756559
0.549584708513
0.595179849096
0.329391461791
0.555329937343
0.376791477688
0.37517491311
0.556349036005
0.654125390918
0.653547173358
0.57240520592
0.378830993773
0.613813438072
0.418937622785
0.654557265615
0.620060347373
0.548948888588
0.629035427388
0.591364265059
0.635229735693
0.667641944667
0.614670137947
0.607893530317
0.598083802892
0.613996805019
0.583989637921
0.569135981122
0.5844519749
0.575401445505
0.584501204733
0.416927042816
0.559872169986
0.613331765657
0.637282086728
0.420384252478
0.53537569596
0.625344091678
0.595418826117
0.589870992501
0.397549722955
0.711139885411
0.367631553422
0.45452188552
0.636960307194
0.353224815582
0.559354811521
0.629383863157
0.576144823819
0.35833742486
0.599529297558
0.673195160745
0.581114174041
0.574967979027
0.347859826335
0.496601029154
0.560150711462
0.615454981773
0.361605302916
0.338338592671
0.665703389424
0.638357649781
0.615945952517
0.519389406437
0.592745016754
0.709512242616
0.614881271684
0.611141099805
0.57203795529
0.387326900848
0.615402543481
0.558183280876
0.308553478552
0.587681822291
0.393481111854
0.543096278235
0.636891975313
0.684165302629
0.481048541892
0.579392255069
0.373233038748
0.637074764699
0.593451266461
0.525997475181
0.600684010897
0.576271700397
0.631145949358
0.623829364702
0.703538337018
0.437972488005
0.606418389235
0.594360168663
0.540978510895
0.575928713848
0.532770897752
0.654475768346
0.596464116579
0.642508761298
0.414955215004
0.637902263001
0.590119152315
0.622767235446
0.548839651715
0.436263693587
0.533979226062
0.700780635289
0.604459780422
0.388728419854
0.528027144904
0.614731418802
0.52733989187
0.631597984397
0.563719685403
0.572896344959
0.566714350012
0.610692706539
0.519534432311
0.610257669828
0.355831786031
0.381683991373
0.366710973787
0.661088734873
0.367446465475
0.551861992296
0.718409177706
0.537310309379
0.631547429828
0.54759754555
0.61586393186
0.364002903971
1.9364071124
0.531564100895
0.581983504073
0.619875262625
0.609974438655
0.568304468619
0.726481744516
0.548404200263
0.607044559068
0.55353168381
0.638992134576
0.60795364475
0.5336638406
0.570129978232
0.645323882797
0.627606378685
0.522731832731
0.295829613905
0.445171482682
0.60558777047
0.566833864707
0.601394014487
0.588167668675
0.628894610684
0.575176559935
0.491435382105
0.5899148511
0.59886272256
0.372961837683
0.513981444026
0.418411416121
0.682369722655
0.59287111378
0.296882795957
0.585097964415
0.585135025027
0.67364715114
0.6192828619
0.654655565707
0.613243689207
0.606072363864
0.60607058235
0.565889845343
0.588149898212
0.595664999124
0.349838003489
0.629503194379
0.588922989886
0.56343255236
0.563873574177
0.57817891934
0.556482293343
0.642336897686
0.618077019739
0.339347174968
0.668605985071
0.606812807539
0.659242319222
0.636320471275
0.556936811448
0.58970526631
0.63349655879
0.614819923149
0.363469272186
0.621694071832
0.642404838917
0.496739469184
0.573488397561
0.602167262604
0.604211915342
0.624225597428
0.57776607763
0.573026532865
0.650387764437
0.602103943853
0.593953476396
0.369204350558
0.610457792738
0.356639044628
0.642295323009
0.437332081701
0.41919614687
0.525323133351
0.603414720282
0.639573297162
0.565951567053
0.504743682073
0.647259886437
0.631873603998
0.630789388954
0.509040358237
0.633027572997
0.553248469481
0.582928362313
0.36179090114
0.642247426181
0.553132665468
0.663411373399
0.598163767633
0.525671747515
0.609013183174
0.649117270617
0.557842446159
0.554478041458
0.660353663631
0.500811575174
0.361280430303
0.540251716133
0.372993204709
0.629422499507
0.531960268696
0.560343268528
0.496087959491
0.648102937567
0.394712745412
0.651943394363
0.293461873703
0.562783639085
0.628516245922
0.61656379269
0.622789451658
0.626449973278
0.657653291551
0.550482456036
0.569439678076
0.609847039141
0.595252735621
0.522508566554
0.519482896958
0.412696413676
0.533106386391
0.312243870256
0.68778719457
0.438127216625
0.525277490047
0.266868363641
0.36420582129
0.588102583581
0.35268350673
0.557335828622
0.388460575064
0.901373106722
0.667572090242
0.607258480459
0.553199393286
0.598811535153
0.368659114837
0.596399707919
0.308327344383
0.57359775754
0.575953014767
0.577045509335
0.58903215414
0.276051791556
0.583922350893
0.52320419773
0.709386840775
0.386453604695
0.380042651503
0.27134595678
0.574686607733
0.485909178055
0.588195085794
0.646093870552
0.427897468663
0.587259051942
0.559210733996
0.690319831391
0.602654258096
0.369820433688
0.574878641538
0.653145082987
0.626186709916
0.245294251771
0.613460399631
0.647721876983
0.648618254047
0.608253174435
0.649052637254
0.358557216818
0.58383398265
0.562269838356
0.636540819237
0.410894327282
0.547270662152
0.295604412054
0.556853175041
0.609998363618
0.419145602036
0.410569440188
0.644824874785
0.537014589827
0.649310598692
0.698388164812
0.345951450052
0.564286102353
0.59421382976
0.593162309613
0.546462149127
0.345063104865
0.363769749405
0.386572035327
0.648507909112
0.395986140343
0.397234218618
0.582813187619
0.594978348232
0.281006139447
0.564486592727
0.388022483187
0.704554567639
0.573350438823
0.517788373626
0.55795942143
0.602810990838
0.705074465347
0.512868635679
0.600795034472
0.544788901574
0.508849205718
0.646709550537
0.689861750326
0.367565518737
0.553066112804
0.359136607869
0.363233639236
0.556503612017
0.3514345151
0.664952578508
0.519997948504
0.486750325159
0.594057032065
0.309802622147
0.644858402411
0.554860952872
0.626673967586
0.635537808713
0.520450105861
0.591252958792
0.604897743307
0.547076050021
0.623327285646
0.639106106319
0.342009339618
0.729693468106
0.367738517556
0.605956686325
0.608293948074
0.343155652587
0.583875577609
0.380389510262
0.311798428203
0.593473363334
0.541753162751
0.642822945136
0.67332436784
0.636608581354
0.57916903653
0.695319329991
0.580387364456
0.605695918384
0.565725079878
0.595305513588
0.539877509675
0.633723416713
0.758238354501
0.669863209244
0.78469014289
0.367416573814
0.320197172808
0.601668071782
0.55323697627
0.635505461343
0.573071922297
0.521066904287
0.639893456204
0.649496803001
0.376088397472
0.247762562833
0.637039598502
0.284365115424
0.661915902075
0.375343289442
0.351314121739
0.74916822287
0.679905214414
0.57364634392
0.387776107398
0.539652954366
0.510416928096
0.631783961929
0.649340095466
0.251084934235
0.582537393075
0.371945735513
0.57180870005
0.633203940641
0.548812181374
0.554557853602
0.379496680839
0.705038017659
0.599310186783
0.629916486365
0.613320939507
0.635089016172
0.570942308021
0.604970061363
0.552724696186
0.576762550595
0.558008333888
0.561700941443
0.555230653085
0.310268360879
0.584217223321
0.648324087097
0.352216890089
0.570245364434
0.676937111392
0.577484846408
0.370125487123
0.57824238474
0.253580847479
0.505362400431
0.524563972197
0.556604049156
0.39851903631
0.659329433351
0.586297016873
0.568373689514
0.557397655715
0.572910855501
0.364219265447
0.378921988466
0.636439446138
0.60815282501
0.614822085336
0.368971423418
0.698265518228
0.39472753121
0.635013738014
0.632038003889
0.643232576118
0.421005202462
0.379291324806
0.310534293661
0.496163935819
0.599277805522
0.622851714366
0.590879650868
0.628210745859
0.364103428895
0.699871667332
0.396515005823
0.658288826645
0.424784244012
0.575265493654
0.37027960661
0.604419413207
0.551119229465
0.659480301033
0.606549540131
0.385892169711
0.337579383184
0.618967733893
0.593324475474
0.578969604206
0.606612185653
0.535099893572
0.624702079578
0.56048730515
0.646694515402
0.555940683464
0.31140656688
0.629290981815
0.517313738124
0.379095530607
0.509582559904
0.612059403989
0.264850519559
0.35489666041
0.59010993453
0.516149939328
0.625481190498
0.636159360388
0.572953597107
0.390298145123
0.543195946585
0.359318455963
0.466099921168
0.581093619354
0.58592280501
0.572701536405
0.508106888597
0.624447254901
0.646830158034
0.589636683624
0.37023659429
0.608928782412
0.612279146855
0.346193860572
0.648597042762
0.572713006342
0.570732844829
0.631355034315
0.585205718537
0.58320169742
0.567408038037
0.344120508745
0.564430488085
0.320729660491
0.68378277988
0.61630741912
0.58626612621
0.42320521725
0.613054544082
0.614249731361
0.588126054892
0.309925378213
0.6187534021
0.36103841001
0.333320730477
0.595400742418
0.356772974036
0.57740903436
0.550144729325
0.588334594615
0.390468304764
0.557946679446
0.588693356418
0.630700376433
0.652644397296
0.624049011711
0.62142977718
0.535743369882
0.362731947584
0.610744270619
0.396333510765
0.559972804585
0.559464346456
0.65733084644
0.474391365011
0.563605669979
0.674705166999
0.608358668024
0.658563390984
0.616282054794
0.645236678944
0.656092898555
0.625892405215
0.254760919195
0.364592828508
0.629940810824
0.520797946198
0.35722225872
0.631732946571
0.57411499327
0.301577178982
0.760145036281
0.830890749948
0.370520321317
0.648553114321
0.35884462137
0.558457455622
0.372320510742
0.47779337513
0.384248262003
0.567087452172
0.732921021772
0.631065071745
0.635304471765
0.568539503828
0.595951822039
0.644674311666
0.567918797562
0.374965584721
0.667462339622
0.704255044894
0.478174755697
0.700444446711
0.562512121081
0.64782654066
0.685606162097
0.552926149044
0.619376130543
0.579406908543
0.659582404265
0.553259023454
0.613715806916
0.581129522625
0.656901592391
0.507227245156
0.579955380321
0.601839493524
0.572228815443
0.594066271229
0.342491023867
0.647494798917
0.605844774778
0.642092230308
0.581209355085
0.539132495488
0.496498471835
0.49751661596
0.547059906676
0.69530829257
0.319942748165
0.605623250642
0.612534066542
0.618179498098
0.586643337347
0.593447984121
0.587450539675
0.244239459097
0.663851432068
0.58873345266
0.376864569018
0.573580948688
0.631600162485
0.57575963279
0.657673075055
0.61144265774
0.554430034863
0.586652044482
0.600977631949
0.662350960022
0.647211853727
0.630592595671
0.36034334696
0.648316676868
0.587199439765
0.570034514564
0.605270775387
0.596699796633
0.570387581499
0.632433364844
0.379886628914
0.37107547562
0.630539593779
0.58416358459
0.361356189001
0.632070726338
0.357258529799
0.563177531433
0.395750312833
0.613251951529
0.56103409715
0.606019852144
0.336088499469
0.563432815848
0.366972619813
0.308206689484
0.543333480214
0.57662344453
0.685341730816
0.653433766016
0.302176963526
0.62144907108
0.607026049722
0.3042241431
0.424324241157
0.54355138921
0.49337578378
0.65564631857
0.626897788083
0.619930456697
0.571664642793
0.622666045296
0.574670762069
0.501940471747
0.496926114441
0.367902292391
0.335420536819
0.604953965605
0.665951004639
0.635317758942
0.630404171278
0.63642175382
0.629111942499
0.649498085416
0.487169772639
0.373729732814
0.567473401798
0.573671018659
0.525823507971
0.651929997687
0.607995657257
0.541955809801
0.554070207222
0.614065926757
0.592781147933
0.51039657666
0.329927408019
0.46201216332
0.559233779036
0.569864511521
0.362172764231
0.359361702606
0.614277977542
0.563370769452
0.623903384518
0.632612398965
0.678704891525
0.601546129956
0.471971095055
0.656106944697
0.581728300353
0.59224987733
0.55638641976
0.590554230362
0.55193866469
0.56177704596
0.598956341336
0.297773522951
0.402801680645
0.588531193754
0.387467057212
0.553595470827
0.595821407943
0.556184362146
0.586095662264
0.579288510205
0.504543306521
0.592314273329
0.549657734175
0.618301973366
0.449791768901
0.518918429733
0.66728987092
0.399577023746
0.735047087778
0.610071969763
0.54576505501
0.509540194953
0.523797127527
0.593566291047
0.577708403728
0.626130576589
0.326194571657
0.618882405442
0.562551185829
0.549566218041
0.606117250473
0.364409893204
0.542569610108
0.598829912699
0.618952148921
0.374585673128
0.536912988064
0.405912997964
0.57919613438
0.599648732968
0.642868617603
0.55646662745
0.395641591653
0.558983656363
0.596083845964
0.688908694708
0.64677952853
0.608122095738
0.637815653851
0.586266507726
0.382530304615
0.535616353046
0.584916833834
0.651365890824
0.585023453415
0.648225456236
0.354178310057
0.517030495943
0.625596643249
0.540128028707
0.355644197896
0.569002054041
0.372188375494
0.747120747929
0.345399764738
0.618222228784
0.566325130893
0.652766048479
0.336001098052
0.563889112988
0.726374590185
0.603884900263
0.643208736833
0.553232232208
0.604753711299
0.361379671116
0.564536175074
0.636838858256
0.363937378227
0.31088467722
0.606643697276
0.622007247118
0.6437741771
0.625806284906
0.623206940152
0.627259112899
0.572866049476
0.620018553931
0.352266669927
0.423663693218
0.638420647423
0.595378586865
0.622619426298
0.620825923466
0.643186376181
0.644617931471
0.366885418184
0.242922926386
0.590519904471
0.578969580741
0.585898990873
0.545795116646
0.586244047241
0.629532468521
0.623808580195
0.541562483584
0.63433659417
0.642320629411
0.56616103504
0.516914670523
0.701602564094
0.514547558718
0.596406363002
0.605298930902
0.42121998627
0.627025075454
0.354305901948
0.426073775578
0.624843593838
0.626784632131
0.66333924205
0.645532354814
0.641841882868
0.632067122747
0.803563650506
0.584421582327
0.662895643382
0.591330470852
0.612296279614
0.619466430272
0.618888143067
0.422249027529
0.535266066336
0.252507471791
0.599048345807
0.61669920937
0.537786393976
0.456322494643
0.5468084611
0.529889658162
0.60219144573
0.620063961458
0.68407103919
0.380513478586
0.664759595476
0.608968393231
0.36361478343
0.382450679935
0.608399585361
0.293864139109
0.364915149729
0.566499350517
0.483965136429
0.599853795235
0.422720256762
0.606458075007
0.607616716153
0.566374552384
0.359806754556
0.589623906976
0.604562894921
0.378233543146
0.642118093826
0.68708259303
0.587243881362
0.61085935052
0.656440574135
0.570983341458
0.544702108817
0.512181530902
0.570907619857
0.240648646286
0.666108072877
0.622049022763
0.640775787759
0.393776173835
0.625306517439
0.63018218504
0.373857371304
0.3069734062
0.253107238105
0.611898544651
0.381636037207
0.65388235554
0.68852889584
0.366471687116
0.637391280886
0.374384343199
0.332795520242
0.431719040288
0.421639301391
0.599945553741
0.533071505668
0.251481134607
0.464674676032
0.280942011262
0.627322410295
0.635021081144
0.43509423643
0.360310642685
0.549931149995
0.364998638099
0.348762662094
0.434434045262
0.543705565255
0.601689984711
0.727215724138
0.559546173585
0.308850022022
0.562379676759
0.626331408333
0.475422270774
0.612394483435
0.645522020522
0.524806570074
0.275243108338
0.615960214095
0.372712081728
0.589883056097
0.56312617378
0.738553288141
0.64364528559
0.509472528469
0.373275373522
0.369345723257
0.407385559622
0.365320154784
0.363928243351
0.671840528492
0.378640753907
0.562231776789
0.523076697591
0.635093682828
0.608181992769
0.418007303173
0.587976103875
0.532591236327
0.568117333637
0.757920967609
0.798940694121
0.539035015742
0.641887996976
0.364235507205
0.694500462659
0.621833221047
0.592578644608
0.42231148254
0.606099194376
0.544051996224
0.715873214272
0.685818349831
0.578472087229
0.433989590838
0.64460210839
0.346261472876
0.374177641733
0.60252933863
0.6166138094
0.595817243785
0.547341579191
0.361055068043
0.638559993066
0.60647732582
0.391435255689
0.633457625321
0.54714762913
0.570883576607
0.635900329211
0.634441142432
0.565131198231
0.612972476273
0.580205441928
0.355684639044
0.365796303015
0.51081268628
0.372966791119
0.617720614269
0.36183819753
0.617745425516
0.616359510274
0.542144117856
0.580496348991
0.414883536984
0.332429166999
0.432338611682
0.611450022912
0.570406689474
0.516798218601
0.611932176889
0.585560817418
0.516936306675
0.51364755123
0.626269004971
0.574554763294
0.511470166009
0.652114968938
0.635925615425
0.501063881381
0.596081106491
0.377189815551
0.629725043469
0.500240678296
0.550164684371
0.291093448964
0.403583102804
0.567514746516
0.619269420122
0.629639455037
0.598196669143
0.499097247871
0.56730537972
0.581651559586
0.618772909216
0.685497760866
0.36429997512
0.324771265059
0.632873303847
0.600036116174
0.532401400884
0.287567244149
0.575253884851
0.591059952245
0.380195919976
0.37476914689
0.616990613475
0.516441506691
0.875182841011
0.263585395566
0.533686494323
0.385053542966
0.627482879161
0.683576587822
0.267486366869
0.449694408815
0.360801905181
0.612269733619
0.598598531189
0.584646814509
0.586970944891
0.637598418736
0.527130286223
0.547492562628
0.690410781781
0.576025226403
0.581243110453
0.363769357714
0.658842012953
0.35978272304
0.388008084024
0.689056121278
0.683098043628
0.367993222742
0.30295708014
0.634310766263
0.595798585665
0.373144109468
0.58131072757
0.571247404395
0.613168003618
0.639365814583
0.637592503754
0.538227277523
0.472695585622
0.553930603208
0.506570921385
0.595205238492
0.53031417132
0.378612108117
0.607420462178
0.61886251609
0.600958544503
0.52701028918
0.654148261906
0.34549694484
0.365863543991
0.543769795362
0.86220525341
0.630167737796
0.628750603451
0.550518628185
0.538095313275
0.562856809003
0.462703504115
0.572305140144
0.568971618677
0.343318028673
0.530949128219
0.688826618503
0.61093655364
0.611392130711
0.549778226336
0.64368551462
0.62093112758
0.584819292388
0.255960184554
0.600694294479
0.493732985498
0.625550327901
0.592538577654
0.579415429048
0.366689324278
0.61408114596
0.628388419601
0.611113298218
0.467235437348
0.636413232047
0.548793809105
0.623889410561
0.547743845838
0.623937212649
0.573381495697
0.554657411135
0.318698760609
0.382713352246
0.364591806295
0.599020937417
0.7048983563
0.380317919387
0.427405875043
0.538018171757
0.607390636947
0.525832878396
0.630640746449
0.364310270073
0.566097777461
0.277969338031
0.568648332751
0.502498712535
0.503906791877
0.392307091746
0.544182427015
0.599823575092
0.59340279928
0.447471455594
0.616401412188
0.376471320981
0.483912301658
0.313539805775
0.463071654027
0.615834401883
0.540041133853
0.605249674206
0.674196020403
0.616590453826
0.449118028528
0.589481621239
0.569208171666
0.601759386786
0.532530986647
0.58429779036
0.689422223776
0.714925828233
0.303342394555
0.60678916494
0.291725429041
0.366081995038
0.56719565186
0.371415108798
0.398989471386
0.719670789764
0.644254902648
0.367926531488
0.68332811954
0.525166451638
0.519052254184
0.633752538456
0.567935595513
0.55815972417
0.549976414536
0.648567104482
0.612081428498
0.570395168575
0.447551021398
0.379727200182
0.584643201579
0.589148453427
0.671138687454
0.629770261761
0.595756907304
0.521144524472
0.605362611962
0.349152782519
0.649035626844
0.283717006347
0.427776005977
0.617636792792
0.632750541611
0.604125763325
0.617247860668
0.550901393675
0.521770773337
0.564100152936
0.619310583335
0.555632452
0.619895904972
0.642465707317
0.497596806464
0.701808698571
0.394329301734
0.615663717533
0.361096497536
0.556911750143
0.370888088933
0.595242300908
0.339091447463
0.351127089516
0.561328646045
0.613366420935
0.576400596386
0.538196711318
0.6074241149
0.392290793899
0.422335059545
0.590815657173
0.554419746622
0.441257490655
0.599703548545
0.631735732207
0.504871176339
0.585231514193
0.65278171242
0.629903225763
0.492408729125
0.538187830621
0.59684979218
0.631593193452
0.445988653398
0.595001493602
0.529004395847
0.619404232481
0.677225240239
0.630571417702
0.560809772972
0.641816947838
0.560858239636
0.545404109457
0.64161816306
0.336059202501
0.597719359942
0.562323939538
0.58422138733
0.690269464633
0.52884328182
0.842230587069
0.622921513359
0.560078983682
0.591534620217
0.651560204238
0.52980495665
0.525545776398
0.503514782421
0.304758693012
0.614007097075
0.595137251356
0.672643847157
0.659364790643
0.622359244153
0.329561946162
0.570859167137
0.511274881659
0.579247764177
0.64242530044
0.433864189888
0.653473336249
0.535267604898
0.577689150506
0.631770638551
0.562480990252
0.396131181645
0.605847685481
0.617198106742
0.602732801371
0.655984023693
0.416257825168
0.376591236371
0.536778918644
0.687040070472
0.655345550438
0.542652158485
0.587540965853
0.624175031762
0.61294469191
0.524772422731
0.643994243954
0.609781061403
0.585891054402
0.638133692761
0.51440648076
0.531469635141
0.595013166094
0.557053556126
0.627873135696
0.509181787486
0.590016895252
0.669684411958
0.557950626815
0.562599919152
0.658668937178
0.581844018232
0.605342174961
0.625507787222
0.584512168219
0.48837884469
0.549952973796
0.614221638684
0.635700564844
0.43200806134
0.634808275871
0.587749999315
0.620408973595
0.689590322389
0.360451296702
0.373913360102
0.577012905626
0.64066284926
0.593217933937
0.605330668991
0.619566103236
0.658944331118
0.635569840256
0.641691169377
0.618304282451
0.621865316857
0.574872749043
0.630982275916
0.627784853611
0.370772112941
0.664595675775
0.417914482694
0.412723673222
0.570457154609
0.358025138492
0.618422829702
0.595096745592
0.304819971283
0.654950355811
0.611488926678
0.544609714189
0.621402900565
0.550796323424
0.388284962754
0.371916974712
0.637499776875
0.620114613055
0.602377320648
0.730708967233
0.384341696372
0.643546147266
0.543781883257
0.520968836785
0.667170736397
0.366450568079
0.564318863182
0.367707011289
0.580113914301
0.562264046596
0.616163833231
0.618612076378
0.378141656183
0.3137973973
0.779675184044
0.552685701276
0.530461620646
0.614040674951
0.643941697982
0.588624835646
0.585162036869
0.421051502274
0.581425329426
0.562727340439
0.597685978644
0.655467862768
0.622354565229
0.649104120449
0.584643201579
0.568922946993
0.374278074671
0.613938961034
0.59268373418
0.600822500769
0.536006967533
0.645885081646
0.513940967384
0.572700434371
0.605697385857
0.612708470687
0.563987589882
0.466503497738
0.608554610382
0.574373815943
0.582310598907
0.382375454206
0.44730493165
0.626028376815
0.531203854653
0.370558897013
0.567605308565
0.61953102406
0.618315896949
0.590016961395
0.369090388143
0.668846428258
0.547377309769
0.642899892026
0.495375935621
0.357084494233
0.345752642633
0.569726969517
0.607867501419
0.638510242206
0.371236057107
0.616892768251
0.576411759787
0.6340486791
0.530275709856
0.34324781536
0.321508014566
0.635412125191
0.608839389624
0.370101398494
0.38103791344
0.535407341466
0.644052091345
0.576850188574
0.530557800139
0.561074914953
0.419034257362
0.548046015916
0.654651657136
0.583265178311
0.567268573794
0.37086982626
0.591858053783
0.626412030594
0.495957143351
0.430953886952
0.59980470119
0.653671797705
0.494311693359
0.365669935259
0.657295840872
0.607589300741
0.646556688969
0.617716550482
0.604358618644
0.507213506804
0.61478438909
0.646730642728
0.621042615534
0.54310565497
0.482340424556
0.593039053478
0.622087905425
0.547748313221
0.584279870619
0.53344025183
0.654758542499
0.3841079706
0.630671761225
0.487262070479
0.327438004165
0.590646769376
0.3970589037
0.433488571804
0.558495990404
0.581089476175
0.553014435789
0.60655380047
0.57853732735
0.481322751934
0.601313787645
0.673843508834
0.474973016308
0.634870067016
0.717974183573
0.368225130311
0.754420462575
0.608456730792
0.59327336455
0.510827580576
0.663494649141
0.374548945219
0.561254581346
0.423903711561
0.580734661868
0.618718571842
0.512822550961
0.261246699817
0.560497634462
0.370124581602
0.387300071249
0.373723542569
0.371128637034
0.653662341984
0.361159654179
0.634577568186
0.346283634858
0.347327850893
0.557713382716
0.666214302714
0.535876319403
0.366231427594
0.648254509907
0.56399198899
0.598341582619
0.603649837145
0.369103759378
0.571390497231
0.617044514492
0.39657633587
0.550834141912
0.604497416043
0.542214609095
0.282893683733
0.56784814287
0.294038363073
0.621727583494
0.708617417761
0.51974697553
0.620324309395
0.316393561914
0.618987354144
0.385423787291
0.51507781891
0.593286549762
0.445961023105
0.59099548639
0.231523894837
0.654683771371
0.624133379101
0.693481973335
0.364555575274
0.514682708764
0.603693334242
0.480038515218
0.353577316556
0.575977685979
0.271017615261
0.365124416912
0.564677634122
0.401377021809
0.648847666011
0.316910532015
0.51716080744
0.49778486234
0.679437237627
0.543050570178
0.660975006479
0.37053733312
0.521359708414
0.669599176259
0.369659390773
0.637207002423
0.501579262434
0.374292604756
0.559291808157
0.592707410994
0.605218834693
0.614251210391
0.597227852256
0.376754354296
0.256830491021
0.664622933423
0.487158969418
0.556062276573
0.648183258675
0.633042115602
0.632910615287
0.550088149976
0.260468609127
0.625909082087
0.369182179403
0.497906043686
0.587782442321
0.378061003523
0.608501145576
0.611877106123
0.363408329535
0.622728799092
0.584920980451
0.616894244814
0.526399326276
0.252724962683
0.644259792143
0.574833996421
0.573858313763
0.418207328525
0.65450248491
0.664534794743
0.582506683536
0.689202428209
0.633636754095
0.295482164575
0.648394183723
0.532454615672
0.560479423338
0.354918909902
0.600626169599
0.533264407131
0.629957831127
0.648474766274
0.578849662254
0.517644427972
0.534549586167
0.61461352315
0.486976696972
0.634199093525
0.681365278318
0.573898100868
0.358008740919
0.749580718277
0.503730702625
0.654219007349
0.514571512597
0.578814090384
0.65032245914
0.488992344673
0.537481342007
0.531885130683
0.365906851576
0.433622357812
0.339839470505
0.454003636288
0.541667900767
0.643898866359
0.595895069552
0.404014494877
0.659193508515
0.629948271231
0.496104771374
0.636930666785
0.576969363181
0.693811177928
0.62101465784
0.599655795175
0.644715409305
0.635070902777
0.383650284289
0.551034203586
0.421726723125
0.455959580022
0.642780708426
0.524312226882
0.535851314378
0.539430864189
0.583625919597
0.549766075909
0.612549701441
0.594958570952
0.5874903667
0.373369834167
0.57821226009
0.583619536463
0.453838975789
0.703769225401
0.626744523796
0.565573294529
0.368923961621
0.611587275636
0.547126826663
0.396442754055
0.581666588084
0.606015140234
0.598127002376
0.364642910667
0.617431398571
0.563480244673
0.364125211664
0.630471090205
0.568153045749
0.269711030281
0.641758698126
0.643156873255
0.602120004323
0.633172171176
0.576007687721
0.618056567108
0.830818866956
0.649535349367
0.605912487999
0.700528755602
0.598865828369
0.359974755402
0.627026341433
0.606812218385
0.572153516089
0.6128689862
0.522816509782
0.587128463714
0.574302977521
0.643170056575
0.347996567752
0.659016252435
0.625569060625
0.362752761227
0.631349700969
0.525158310154
0.534746141194
0.40315900398
0.636372367971
0.562446297628
0.578351879671
0.510453438137
0.600525698996
0.65834740699
0.603337611781
0.363424973206
0.364380894505
0.592973568008
0.635757570406
0.353051758927
0.557937521018
0.503958165546
0.630528668465
0.52333171896
0.606745036525
0.611026089207
0.358968009475
0.594283032881
0.628021213803
0.623015877441
0.369112304397
0.370840212558
0.672975461673
0.37592944938
0.580744627858
0.366751903721
0.575221423722
0.61687155675
0.312472631303
0.34577790551
0.355010250974
0.646715723719
0.59380437578
0.5889803057
0.361526321179
0.756836425859
0.529881296575
0.624374875874
0.612481824678
0.383855838733
0.638142985534
0.52555842935
0.347979096088
0.556227858898
0.616031361122
0.376036838855
0.347148558021
0.55932354739
0.623912940885
0.629378507605
0.36894679599
0.378482248638
0.505857703209
0.589935801416
0.646464880498
0.564819030091
0.365667287731
0.532597510815
0.343389611422
0.601012960466
0.442033116467
0.375615847066
0.561966396399
0.583564168462
0.533589772309
0.5963000275
0.785210824238
0.521600289509
0.575629906626
0.575393555814
0.378133189869
0.546890438119
0.580839218924
0.635801407583
0.557257882414
0.595349294438
0.619421175441
0.509183752731
0.578311335527
0.622727744302
0.755210096277
0.529725445368
0.579884712077
0.310847913282
0.579871967865
0.682682004183
